4.800000000000000000e+01 -1.800000000000000000e+01
4.740581320741451776e+01 -1.539669756529465161e+01
4.574093881115240379e+01 -1.330901110519182140e+01
4.333512560373788602e+01 -1.215043252690905717e+01
4.066487439626211398e+01 -1.215043252690905717e+01
3.825906118884759621e+01 -1.330901110519182140e+01
3.659418679258548934e+01 -1.539669756529465161e+01
3.600000000000000000e+01 -1.800000000000000000e+01
3.659418679258548224e+01 -2.060330243470534839e+01
3.825906118884759621e+01 -2.269098889480817860e+01
4.066487439626211398e+01 -2.384956747309094283e+01
4.333512560373788602e+01 -2.384956747309094283e+01
4.574093881115240379e+01 -2.269098889480817860e+01
4.740581320741451066e+01 -2.060330243470534839e+01
4.800000000000000000e+01 -1.800000000000000000e+01
