1.000000000000000000e+00 0.000000000000000000e+00
-6.234898018587333723e-01 9.749279121818236193e-01
-2.225209339563146427e-01 -4.338837391175580094e-01
9.009688679024192570e-01 -7.818314824680299147e-01
-9.009688679024189240e-01 7.818314824680295816e-01
2.225209339563139210e-01 4.338837391175584535e-01
6.234898018587339275e-01 -9.749279121818235083e-01
-1.000000000000000000e+00 -4.898587196589412829e-16
6.234898018587343715e-01 9.749279121818237304e-01
2.225209339563169741e-01 -4.338837391175575653e-01
-9.009688679024188129e-01 -7.818314824680302477e-01
9.009688679024179248e-01 7.818314824680293595e-01
-2.225209339563150590e-01 4.338837391175588976e-01
-6.234898018587358148e-01 -9.749279121818233973e-01
1.000000000000000000e+00 -9.797174393178825657e-16
