1.000000000000000000e+00 0.000000000000000000e+00
-5.617449009293667972e-01 -2.705220865321327772e-01
-1.387395330218426093e-01 -1.739738716752355918e-01
2.004844339512095452e-01 8.783796973249264894e-01
2.004844339512095452e-01 -8.783796973249269335e-01
-1.387395330218432754e-01 1.739738716752364800e-01
-5.617449009293660200e-01 2.705220865321324997e-01
1.000000000000000000e+00 -1.224646799147353207e-16
-5.617449009293676854e-01 -2.705220865321331103e-01
-1.387395330218398060e-01 -1.739738716752320391e-01
2.004844339512095730e-01 8.783796973249260454e-01
2.004844339512092399e-01 -8.783796973249259343e-01
-1.387395330218439138e-01 1.739738716752373127e-01
-5.617449009293628004e-01 2.705220865321310009e-01
1.000000000000000000e+00 -2.449293598294706414e-16
